############# NÃO ORDENADO ##################
  0     1   2    3    4    5    6   7   8    9    10   11 
[782, 229, 446, 527, 874, 19, 829, 70, 830, 992, 430, 649]

  0      1     2     3     4    5   6     7    8      9     10    11
[3342, 1021, 2022, 2235, 4014, 31, 3501, 154, 3502, 4332, 1554, 3001]

############# ORDENADO ##################

[19,  70,  229,  430, 446,  527,   649,  782,  829,  830,  874,  992]


[31, 154, 1021, 1554, 2022, 2235, 3001, 3342, 3501, 3502, 4014, 4332]

######### Saída Exemplo Trabalho Descrição #########

				649  829  830
				3001 3501 3502